Bubble Sort:

7 3 12 5 1
3 7 12 5 1
3 7 12 5 1
3 7 5 12 1
3 7 5 1 12

3 7 5 1 12
3 7 5 1 12
3 5 7 1 12
3 5 1 7 12

3 5 1 7 12
3 1 5 7 12
3 1 5 7 12

1 3 5 7 12
1 3 5 7 12

1 3 5 7 12



Selection Sort:

7 3 12 5 1   [7]
7 3 12 5 1   [3]
7 3 12 5 1   [3]
7 3 12 5 1   [3]
7 3 12 5 1   [1]
1 3 12 5 7

1 3 12 5 7   [3]
1 3 12 5 7   [3]
1 3 12 5 7   [3]
1 3 12 5 7   [3]
1 3 12 5 7

1 3 12 5 7   [12]
1 3 12 5 7   [5]
1 3 12 5 7   [5]
1 3 5 12 7

1 3 5 12 7   [12]
1 3 5 12 7   [7]
1 3 5 7 12



Insertion Sort:

